#TIPOS
5
1 0 0 0
2 10 5 0.3
3 10 50 0.22
4 10 13 0.4
5 20 2 0
 

#OBJETO
15 16
5 5 5 5 5 5 5 5 5 5 5 5 5 5 5 5
1 1 5 3 1 2 5 2 1 3 5 3 1 4 5 1
1 1 5 3 1 3 5 3 1 3 5 3 1 3 5 1
5 5 5 5 5 5 5 5 5 5 5 5 5 5 5 5
1 1 5 3 1 3 5 2 1 3 5 3 1 3 5 1
1 1 5 4 1 4 5 3 1 4 5 4 1 4 5 1
5 5 5 5 5 5 5 5 5 5 5 5 5 5 5 5
1 1 5 3 1 3 5 2 1 3 5 3 1 3 5 1
1 1 5 4 1 4 5 3 1 4 5 4 1 4 5 1
5 5 5 5 5 5 5 5 5 5 5 5 5 5 5 5
1 1 5 3 1 3 5 2 1 3 5 3 1 3 5 1
1 1 5 4 1 4 5 3 1 4 5 4 1 4 5 1
5 5 5 5 5 5 5 5 5 5 5 5 5 5 5 5
1 1 5 3 1 3 5 2 1 3 5 3 1 3 5 1
1 1 5 4 1 4 5 3 1 4 5 4 1 4 5 1
5 5 5 5 5 5 5 5 5 5 5 5 5 5 5 5